---
version:
  config: 1511685776
  puppet: 4.10.9
resources:
  changed: 0
  corrective_change: 0
  failed: 1
  failed_to_restart: 0
  out_of_sync: 1
  restarted: 0
  scheduled: 0
  skipped: 0
  total: 8
time:
  config_retrieval: 0.107060666
  file: 0.015772344
  filebucket: 7.8775e-05
  schedule: 0.000344765
  total: 0.12325654999999999
  last_run: 1511685776
changes:
  total: 0
events:
  failure: 1
  success: 0
  total: 1
